num	amino	secStruct
1	M	C
2	S	C
3	M	C
4	S	C
5	H	C
6	I	C
7	N	C
8	Y	H
9	N	H
10	H	H
11	L	H
12	Y	H
13	Y	H
14	F	H
15	W	H
16	H	H
17	V	H
18	Y	H
19	K	H
20	E	H
21	G	C
22	S	C
23	V	H
24	V	H
25	G	H
26	A	H
27	A	H
28	E	H
29	A	H
30	L	H
31	Y	C
32	L	C
33	T	C
34	P	C
35	Q	C
36	T	H
37	I	H
38	T	H
39	G	H
40	Q	H
41	I	H
42	R	H
43	A	H
44	L	H
45	E	H
46	E	H
47	R	H
48	L	H
49	Q	C
50	G	C
51	K	C
52	L	C
53	F	E
54	K	E
55	R	E
56	K	C
57	G	C
58	R	C
59	G	C
60	L	E
61	E	E
62	P	E
63	S	C
64	E	H
65	L	H
66	G	H
67	E	H
68	L	H
69	V	H
70	Y	H
71	R	H
72	Y	H
73	A	H
74	D	H
75	K	H
76	M	H
77	F	H
78	T	H
79	L	H
80	S	H
81	Q	H
82	E	H
83	M	H
84	L	H
85	D	H
86	I	H
87	V	H
88	N	H
89	Y	H
90	R	H
91	K	C
92	E	C
93	S	C
94	N	C
95	L	E
96	L	E
97	F	E
98	D	E
99	V	E
100	G	E
101	V	E
102	A	C
103	D	H
104	A	H
105	L	H
106	S	H
107	K	H
108	R	H
109	L	H
110	V	H
111	S	H
112	S	H
113	V	H
114	L	H
115	N	H
116	A	H
117	A	H
118	V	H
119	V	H
120	E	H
121	G	C
122	E	C
123	P	C
124	I	C
125	H	E
126	L	E
127	R	E
128	C	E
129	F	E
130	E	E
131	S	C
132	T	C
133	H	H
134	E	H
135	M	H
136	L	H
137	L	H
138	E	H
139	Q	H
140	L	H
141	S	H
142	Q	H
143	H	C
144	K	C
145	L	C
146	D	C
147	M	E
148	I	E
149	I	E
150	S	E
151	D	C
152	C	C
153	P	C
154	I	C
155	D	C
156	S	C
157	T	C
158	Q	C
159	Q	C
160	E	C
161	G	C
162	L	E
163	F	E
164	S	E
165	V	E
166	R	E
167	I	E
168	G	E
169	E	C
170	C	E
171	G	E
172	V	E
173	S	E
174	F	E
175	W	E
176	C	C
177	T	C
178	N	C
179	P	C
180	P	C
181	P	C
182	E	C
183	K	C
184	P	C
185	F	C
186	P	H
187	A	H
188	C	H
189	L	H
190	E	H
191	E	C
192	R	C
193	R	C
194	L	E
195	L	E
196	I	E
197	P	C
198	G	C
199	R	C
200	R	C
201	S	C
202	M	H
203	L	H
204	G	H
205	R	H
206	K	H
207	L	H
208	L	H
209	N	H
210	W	H
211	F	H
212	N	H
213	S	H
214	Q	H
215	G	C
216	L	C
217	N	C
218	V	C
219	E	C
220	I	E
221	L	E
222	G	E
223	E	E
224	F	E
225	D	C
226	D	C
227	A	H
228	A	H
229	L	H
230	M	H
231	K	H
232	A	H
233	F	H
234	G	H
235	A	H
236	M	H
237	H	C
238	N	C
239	A	C
240	I	E
241	F	E
242	V	E
243	A	E
244	P	C
245	T	H
246	L	H
247	Y	H
248	A	H
249	Y	H
250	D	H
251	F	H
252	Y	H
253	A	H
254	D	H
255	K	C
256	T	C
257	V	E
258	V	E
259	E	E
260	I	E
261	G	C
262	R	C
263	V	C
264	E	C
265	N	C
266	V	C
267	M	E
268	E	E
269	E	E
270	Y	E
271	H	E
272	A	E
273	I	E
274	F	E
275	A	E
276	E	C
277	R	C
278	M	C
279	I	C
280	Q	C
281	H	C
282	P	H
283	A	H
284	V	H
285	Q	H
286	R	H
287	I	H
288	C	H
289	N	H
290	T	H
291	D	H
292	Y	H
293	S	H
294	A	H
295	L	H
296	F	H
297	S	H
298	P	C
299	A	C
300	V	C
301	R	C
